-1.2939e-01 
-4.8340e-01 
-5.7129e-01 
-3.4912e-01 
5.3711e-02 
4.3457e-01 
5.7617e-01 
4.0527e-01 
1.4648e-02 
-3.9062e-01 
-5.7861e-01 
-4.5166e-01 
-9.0332e-02 
3.2959e-01 
5.6396e-01 
4.9316e-01 
1.5869e-01 
-2.6611e-01 
-5.4932e-01 
-5.2979e-01 
-2.2949e-01 
1.9531e-01 
5.1758e-01 
5.5176e-01 
2.9053e-01 
-1.3184e-01 
-4.8340e-01 
-5.7373e-01 
-3.5156e-01 
5.6152e-02 
4.3457e-01 
5.7617e-01 
4.0527e-01 
1.4648e-02 
-3.9062e-01 
-5.7861e-01 
-4.4922e-01 
-8.5449e-02 
3.2715e-01 
5.6396e-01 
4.9561e-01 
1.6113e-01 
-2.6855e-01 
-5.4688e-01 
-5.2979e-01 
-2.2461e-01 
1.9775e-01 
5.2002e-01 
5.5176e-01 
2.8809e-01 
-1.3184e-01 
-4.8584e-01 
-5.6885e-01 
-3.4912e-01 
5.8594e-02 
4.3457e-01 
5.7617e-01 
4.0283e-01 
1.4648e-02 
-3.9307e-01 
-5.7861e-01 
-4.4922e-01 
-8.7891e-02 
3.3203e-01 
5.6396e-01 
4.9316e-01 
1.5381e-01 
-2.6855e-01 
-5.4932e-01 
-5.2734e-01 
-2.2461e-01 
2.0020e-01 
5.1758e-01 
5.5176e-01 
2.8564e-01 
-1.3672e-01 
-4.8584e-01 
-5.6885e-01 
-3.4424e-01 
5.8594e-02 
4.3701e-01 
5.7373e-01 
4.0283e-01 
1.2207e-02 
-3.9307e-01 
-5.7861e-01 
-4.4922e-01 
-8.5449e-02 
3.2959e-01 
5.6396e-01 
4.9316e-01 
1.5625e-01 
-2.6855e-01 
-5.5176e-01 
-5.2734e-01 
-2.2461e-01 
2.0264e-01 
5.2002e-01 
5.4932e-01 
2.8320e-01 
-1.3672e-01 
-4.8584e-01 
-5.6885e-01 
-3.4668e-01 
6.1035e-02 
4.3701e-01 
5.7373e-01 
3.9795e-01 
9.7656e-03 
-3.9551e-01 
-5.7861e-01 
-4.4922e-01 
-8.3008e-02 
3.2959e-01 
5.6396e-01 
4.9316e-01 
1.5625e-01 
-2.7100e-01 
-5.5176e-01 
-5.2734e-01 
-2.1973e-01 
2.0264e-01 
5.2002e-01 
5.4932e-01 
2.8320e-01 
-1.3428e-01 
-4.8828e-01 
-5.6885e-01 
-3.4668e-01 
6.3477e-02 
4.3945e-01 
5.7617e-01 
4.0039e-01 
9.7656e-03 
-3.9307e-01 
-5.7861e-01 
-4.4678e-01 
-8.0566e-02 
3.3203e-01 
5.6152e-01 
4.9072e-01 
1.5381e-01 
-2.7100e-01 
-5.4932e-01 
-5.2490e-01 
-2.2217e-01 
2.0508e-01 
5.1758e-01 
5.4932e-01 
2.8564e-01 
-1.3672e-01 
-4.8828e-01 
-5.6885e-01 
-3.4424e-01 
6.3477e-02 
4.3945e-01 
5.7617e-01 
3.9795e-01 
7.3242e-03 
-3.9551e-01 
-5.7861e-01 
-4.4678e-01 
-8.0566e-02 
3.3447e-01 
5.6152e-01 
4.9072e-01 
1.5381e-01 
-2.7344e-01 
-5.5176e-01 
-5.2734e-01 
-2.1973e-01 
2.0508e-01 
5.2002e-01 
5.5176e-01 
2.8076e-01 
-1.3916e-01 
-4.9072e-01 
-5.7129e-01 
-3.4424e-01 
6.3477e-02 
4.3945e-01 
5.7373e-01 
3.9795e-01 
7.3242e-03 
-3.9551e-01 
-5.7861e-01 
-4.4922e-01 
-8.0566e-02 
3.3203e-01 
5.6396e-01 
4.9072e-01 
1.5381e-01 
-2.7344e-01 
-5.5176e-01 
-5.2734e-01 
-2.1973e-01 
2.0264e-01 
5.1758e-01 
5.4932e-01 
2.8320e-01 
-1.3672e-01 
-4.9072e-01 
-5.7129e-01 
-3.4180e-01 
6.3477e-02 
4.3945e-01 
5.7861e-01 
3.9795e-01 
7.3242e-03 
-3.9551e-01 
-5.7861e-01 
-4.4434e-01 
-8.0566e-02 
3.3447e-01 
5.6396e-01 
4.8828e-01 
1.5137e-01 
-2.7100e-01 
-5.5176e-01 
-5.2734e-01 
-2.1973e-01 
2.0264e-01 
5.2002e-01 
5.5176e-01 
2.8076e-01 
-1.4160e-01 
-4.9072e-01 
-5.7129e-01 
-3.4424e-01 
6.5918e-02 
4.4189e-01 
5.7617e-01 
3.9795e-01 
4.8828e-03 
-3.9795e-01 
-5.7861e-01 
-4.4678e-01 
-7.8125e-02 
3.3447e-01 
5.6152e-01 
4.8828e-01 
1.5137e-01 
-2.7588e-01 
-5.5176e-01 
-5.2734e-01 
-2.1729e-01 
2.0508e-01 
5.1758e-01 
5.5176e-01 
2.8320e-01 
-1.3916e-01 
-4.9072e-01 
-5.7129e-01 
-3.4424e-01 
6.3477e-02 
4.4189e-01 
5.7373e-01 
3.9795e-01 
7.3242e-03 
-3.9795e-01 
-5.7861e-01 
-4.4678e-01 
-8.0566e-02 
3.3447e-01 
5.6641e-01 
4.8828e-01 
1.4893e-01 
-2.7344e-01 
-5.5176e-01 
-5.2734e-01 
-2.1729e-01 
2.0508e-01 
5.2002e-01 
5.4932e-01 
2.8076e-01 
-1.4160e-01 
-4.8828e-01 
-5.6885e-01 
-3.4180e-01 
6.5918e-02 
4.4189e-01 
5.7373e-01 
3.9795e-01 
4.8828e-03 
-3.9795e-01 
-5.7861e-01 
-4.4434e-01 
-7.5684e-02 
3.3691e-01 
5.6396e-01 
4.8828e-01 
1.4893e-01 
-2.7588e-01 
-5.5176e-01 
-5.2246e-01 
-2.1973e-01 
2.0752e-01 
5.2002e-01 
5.4932e-01 
2.8076e-01 
-1.4160e-01 
-4.9072e-01 
-5.7129e-01 
-3.4424e-01 
6.5918e-02 
4.3945e-01 
5.7373e-01 
3.9795e-01 
2.4414e-03 
-3.9795e-01 
-5.7861e-01 
-4.4434e-01 
-7.8125e-02 
3.3447e-01 
5.6641e-01 
4.8828e-01 
1.4893e-01 
-2.7588e-01 
-5.5420e-01 
-5.2490e-01 
-2.1729e-01 
2.0752e-01 
5.2002e-01 
5.4688e-01 
2.8076e-01 
-1.4160e-01 
-4.9072e-01 
-5.6885e-01 
-3.4180e-01 
6.5918e-02 
4.4189e-01 
5.7373e-01 
3.9795e-01 
7.3242e-03 
-4.0039e-01 
-5.7861e-01 
-4.4189e-01 
-8.0566e-02 
3.3691e-01 
5.6396e-01 
4.8828e-01 
1.4893e-01 
-2.7588e-01 
-5.4932e-01 
-5.2490e-01 
-2.1729e-01 
2.0996e-01 
5.2246e-01 
5.4932e-01 
2.8076e-01 
-1.4404e-01 
-4.9072e-01 
-5.7129e-01 
-3.4180e-01 
6.8359e-02 
4.4189e-01 
5.7617e-01 
3.9795e-01 
2.4414e-03 
-3.9795e-01 
-5.7861e-01 
-4.4434e-01 
-7.5684e-02 
3.3691e-01 
5.6396e-01 
4.8828e-01 
1.4893e-01 
-2.7832e-01 
-5.4932e-01 
-5.2490e-01 
-2.1729e-01 
2.0996e-01 
5.2246e-01 
5.4932e-01 
2.7832e-01 
-1.3916e-01 
-4.9072e-01 
-5.6885e-01 
-3.4180e-01 
6.5918e-02 
4.4189e-01 
5.7617e-01 
3.9795e-01 
0.0000e+00 
-3.9795e-01 
-5.7861e-01 
-4.4434e-01 
-7.5684e-02 
3.3691e-01 
5.6396e-01 
4.8828e-01 
1.4648e-01 
-2.7344e-01 
-5.5176e-01 
-5.2490e-01 
-2.1729e-01 
2.0752e-01 
5.2002e-01 
5.4688e-01 
2.8076e-01 
-1.4160e-01 
-4.9072e-01 
-5.7129e-01 
-3.4180e-01 
6.8359e-02 
4.4189e-01 
5.7617e-01 
3.9551e-01 
2.4414e-03 
-4.0039e-01 
-5.8105e-01 
-4.4189e-01 
-7.5684e-02 
3.3936e-01 
5.6641e-01 
4.8828e-01 
1.4648e-01 
-2.7832e-01 
-5.5176e-01 
-5.2490e-01 
-2.1484e-01 
2.0752e-01 
5.2246e-01 
5.4688e-01 
2.8076e-01 
-1.4404e-01 
-4.9072e-01 
-5.6641e-01 
-3.3936e-01 
7.0801e-02 
4.4189e-01 
5.7617e-01 
3.9551e-01 
2.4414e-03 
-4.0039e-01 
-5.7861e-01 
-4.4434e-01 
-7.5684e-02 
3.3691e-01 
5.6396e-01 
4.8584e-01 
1.4893e-01 
-2.7832e-01 
-5.5176e-01 
-5.2490e-01 
-2.1484e-01 
2.0752e-01 
5.2002e-01 
5.4688e-01 
2.8076e-01 
-1.4404e-01 
-4.9072e-01 
-5.6885e-01 
-3.3936e-01 
6.8359e-02 
4.4189e-01 
5.7373e-01 
3.9551e-01 
2.4414e-03 
-3.9795e-01 
-5.7861e-01 
-4.4189e-01 
-7.5684e-02 
3.3936e-01 
5.6641e-01 
4.8584e-01 
1.4648e-01 
-2.7832e-01 
-5.5176e-01 
-5.2246e-01 
-2.1729e-01 
2.0996e-01 
5.2246e-01 
5.4688e-01 
2.7588e-01 
-1.4160e-01 
-4.9316e-01 
-5.6885e-01 
-3.4180e-01 
6.8359e-02 
4.4189e-01 
5.7373e-01 
3.9551e-01 
0.0000e+00 
-4.0283e-01 
-5.8105e-01 
-4.4189e-01 
-7.3242e-02 
3.3936e-01 
5.6641e-01 
4.8584e-01 
1.4648e-01 
-2.7832e-01 
-5.5420e-01 
-5.2246e-01 
-2.1240e-01 
2.0996e-01 
5.2002e-01 
5.4688e-01 
2.7832e-01 
-1.4404e-01 
-4.9316e-01 
-5.6641e-01 
-3.3936e-01 
6.8359e-02 
4.4189e-01 
5.7617e-01 
3.9551e-01 
2.4414e-03 
-4.0039e-01 
-5.7861e-01 
-4.4434e-01 
-7.5684e-02 
3.3691e-01 
5.6641e-01 
4.8828e-01 
1.4648e-01 
-2.7832e-01 
-5.5176e-01 
-5.2490e-01 
-2.1484e-01 
2.0996e-01 
5.2246e-01 
5.4932e-01 
2.7588e-01 
-1.4404e-01 
-4.9316e-01 
-5.6641e-01 
-3.4180e-01 
6.8359e-02 
4.4189e-01 
5.7617e-01 
3.9551e-01 
0.0000e+00 
-4.0039e-01 
-5.7861e-01 
-4.4189e-01 
-7.3242e-02 
3.3936e-01 
5.6396e-01 
4.8584e-01 
1.4648e-01 
-2.8076e-01 
-5.5176e-01 
-5.2246e-01 
-2.1240e-01 
2.1240e-01 
5.2490e-01 
5.4688e-01 
2.7588e-01 
-1.4648e-01 
-4.9072e-01 
-5.7129e-01 
-3.3691e-01 
6.8359e-02 
4.4189e-01 
5.7617e-01 
3.9307e-01 
0.0000e+00 
-4.0283e-01 
-5.7861e-01 
-4.4189e-01 
-7.3242e-02 
3.3936e-01 
5.6396e-01 
4.8584e-01 
1.4648e-01 
-2.8076e-01 
-5.5420e-01 
-5.2246e-01 
-2.1484e-01 
2.0996e-01 
5.2246e-01 
5.4932e-01 
2.7588e-01 
-1.4648e-01 
-4.9316e-01 
-5.6641e-01 
-3.3936e-01 
7.0801e-02 
4.4189e-01 
5.7373e-01 
3.9551e-01 
0.0000e+00 
-4.0283e-01 
-5.7861e-01 
-4.4434e-01 
-7.3242e-02 
3.3936e-01 
5.6396e-01 
4.8584e-01 
1.4404e-01 
-2.8076e-01 
-5.5420e-01 
-5.2246e-01 
-2.1240e-01 
2.1240e-01 
5.2246e-01 
5.4688e-01 
2.7344e-01 
-1.4648e-01 
-4.9316e-01 
-5.6885e-01 
-3.3936e-01 
7.0801e-02 
4.4678e-01 
5.7373e-01 
3.9307e-01 
2.4414e-03 
-4.0283e-01 
-5.8105e-01 
-4.4189e-01 
-7.3242e-02 
3.3936e-01 
5.6641e-01 
4.8584e-01 
1.4404e-01 
-2.8076e-01 
-5.5664e-01 
-5.2002e-01 
-2.1240e-01 
2.0996e-01 
5.2002e-01 
5.4443e-01 
2.7588e-01 
-1.4648e-01 
-4.9072e-01 
-5.6885e-01 
-3.3691e-01 
7.0801e-02 
4.4189e-01 
5.7617e-01 
3.9307e-01 
0.0000e+00 
-4.0283e-01 
-5.7617e-01 
-4.4189e-01 
-7.3242e-02 
3.3936e-01 
5.6641e-01 
4.8584e-01 
1.4404e-01 
-2.8076e-01 
-5.5176e-01 
-5.2002e-01 
-2.0996e-01 
2.1240e-01 
5.2246e-01 
5.4932e-01 
2.7344e-01 
-1.4893e-01 
-4.9316e-01 
-5.6885e-01 
-3.3936e-01 
7.3242e-02 
4.4434e-01 
5.7373e-01 
3.9062e-01 
-2.4414e-03 
-4.0283e-01 
-5.8105e-01 
-4.3945e-01 
-7.0801e-02 
3.4180e-01 
5.6641e-01 
4.8584e-01 
1.4404e-01 
-2.8076e-01 
-5.5176e-01 
-5.2002e-01 
-2.1240e-01 
2.1240e-01 
5.2246e-01 
5.4443e-01 
2.7344e-01 
-1.4893e-01 
-4.9316e-01 
-5.6641e-01 
-3.3691e-01 
7.3242e-02 
4.4434e-01 
5.7373e-01 
3.9307e-01 
0.0000e+00 
-4.0283e-01 
-5.7861e-01 
-4.3945e-01 
-7.0801e-02 
3.3936e-01 
5.6396e-01 
4.8584e-01 
1.4160e-01 
-2.8320e-01 
-5.5176e-01 
-5.2002e-01 
-2.0752e-01 
2.1240e-01 
5.2246e-01 
5.4932e-01 
2.7588e-01 
-1.4893e-01 
-4.9072e-01 
-5.6885e-01 
-3.3691e-01 
7.3242e-02 
4.4434e-01 
5.7373e-01 
3.9307e-01 
0.0000e+00 
-4.0283e-01 
-5.7861e-01 
-4.4189e-01 
-7.0801e-02 
3.4180e-01 
5.6641e-01 
4.8340e-01 
1.4404e-01 
-2.8076e-01 
-5.5176e-01 
-5.2002e-01 
-2.0996e-01 
2.1240e-01 
5.2246e-01 
5.4688e-01 
2.7344e-01 
-1.4893e-01 
-4.9316e-01 
-5.6885e-01 
-3.3447e-01 
7.0801e-02 
4.4678e-01 
5.7617e-01 
3.9307e-01 
-2.4414e-03 
-4.0039e-01 
-5.7861e-01 
-4.3945e-01 
-7.0801e-02 
3.4180e-01 
5.6885e-01 
4.8340e-01 
1.4160e-01 
-2.8320e-01 
-5.5420e-01 
-5.2002e-01 
-2.1240e-01 
2.1240e-01 
5.2490e-01 
5.4932e-01 
2.7588e-01 
-1.4893e-01 
-4.9561e-01 
-5.6641e-01 
-3.3691e-01 
7.3242e-02 
4.4678e-01 
5.7373e-01 
3.9307e-01 
-4.8828e-03 
-4.0527e-01 
-5.8105e-01 
-4.4189e-01 
-7.0801e-02 
3.4180e-01 
5.6641e-01 
4.8340e-01 
1.4160e-01 
-2.8076e-01 
-5.5420e-01 
-5.2246e-01 
-2.0996e-01 
2.1240e-01 
5.2490e-01 
5.4443e-01 
2.7588e-01 
-1.4893e-01 
-4.9561e-01 
-5.6641e-01 
-3.3447e-01 
7.5684e-02 
4.4678e-01 
5.7129e-01 
3.9307e-01 
-4.8828e-03 
-4.0283e-01 
-5.7373e-01 
-4.3945e-01 
-7.0801e-02 
3.4180e-01 
5.6885e-01 
4.8584e-01 
1.4160e-01 
-2.8320e-01 
-5.5420e-01 
-5.2246e-01 
-2.0752e-01 
2.1484e-01 
5.2490e-01 
5.4688e-01 
2.7344e-01 
-1.4893e-01 
-4.9072e-01 
-5.6641e-01 
-3.3691e-01 
7.5684e-02 
4.4434e-01 
5.7373e-01 
3.9062e-01 
-2.4414e-03 
-4.0283e-01 
-5.7861e-01 
-4.4189e-01 
-7.0801e-02 
3.4180e-01 
5.6641e-01 
4.8340e-01 
1.4404e-01 
-2.8320e-01 
-5.5420e-01 
-5.2246e-01 
-2.0996e-01 
2.1484e-01 
5.2490e-01 
5.4932e-01 
2.7588e-01 
-1.5137e-01 
-4.9561e-01 
-5.6641e-01 
-3.3203e-01 
7.3242e-02 
4.4678e-01 
5.7373e-01 
3.9062e-01 
-2.4414e-03 
-4.0283e-01 
-5.7861e-01 
-4.3945e-01 
-7.0801e-02 
3.4424e-01 
5.6641e-01 
4.8584e-01 
1.3916e-01 
-2.8320e-01 
-5.5420e-01 
-5.1758e-01 
-2.0996e-01 
2.1484e-01 
5.2490e-01 
5.4688e-01 
2.7344e-01 
-1.5381e-01 
-4.9316e-01 
-5.6885e-01 
-3.3447e-01 
7.5684e-02 
4.4678e-01 
5.7617e-01 
3.9062e-01 
-4.8828e-03 
-4.0527e-01 
-5.7861e-01 
-4.4189e-01 
-6.5918e-02 
3.4180e-01 
5.6885e-01 
4.8340e-01 
1.4160e-01 
-2.8076e-01 
-5.5420e-01 
-5.2002e-01 
-2.0996e-01 
2.1484e-01 
5.2490e-01 
5.4688e-01 
2.7344e-01 
-1.4893e-01 
-4.9561e-01 
-5.6885e-01 
-3.3447e-01 
7.3242e-02 
4.4678e-01 
5.7373e-01 
3.9307e-01 
-4.8828e-03 
-4.0527e-01 
-5.8350e-01 
-4.3945e-01 
-7.0801e-02 
3.4180e-01 
5.6885e-01 
4.8340e-01 
1.4160e-01 
-2.8564e-01 
-5.5420e-01 
-5.2002e-01 
-2.0752e-01 
2.1729e-01 
5.2734e-01 
5.4443e-01 
2.7344e-01 
-1.4893e-01 
-4.9561e-01 
-5.6885e-01 
-3.3203e-01 
7.5684e-02 
4.4678e-01 
5.7617e-01 
3.9307e-01 
-4.8828e-03 
-4.0283e-01 
-5.7861e-01 
-4.3945e-01 
-6.3477e-02 
3.4180e-01 
5.6885e-01 
4.8096e-01 
1.4160e-01 
-2.8564e-01 
-5.5176e-01 
-5.2002e-01 
-2.0752e-01 
2.1484e-01 
5.2734e-01 
5.4688e-01 
2.7344e-01 
-1.5137e-01 
-4.9561e-01 
-5.6641e-01 
-3.3447e-01 
7.3242e-02 
4.4678e-01 
5.7129e-01 
3.9062e-01 
-4.8828e-03 
-4.0527e-01 
-5.7861e-01 
-4.3945e-01 
-7.0801e-02 
3.4180e-01 
5.6641e-01 
4.8340e-01 
1.3916e-01 
-2.8320e-01 
-5.5664e-01 
-5.2002e-01 
-2.0996e-01 
2.1729e-01 
5.2734e-01 
5.4688e-01 
2.7100e-01 
-1.5137e-01 
-4.9316e-01 
-5.6641e-01 
-3.3447e-01 
7.5684e-02 
4.4922e-01 
5.7373e-01 
3.9062e-01 
-7.3242e-03 
-4.0527e-01 
-5.7861e-01 
-4.3945e-01 
-6.8359e-02 
3.4180e-01 
5.6885e-01 
4.8096e-01 
1.3672e-01 
-2.8564e-01 
-5.5420e-01 
-5.2002e-01 
-2.0752e-01 
2.1729e-01 
5.2490e-01 
5.4443e-01 
2.7100e-01 
-1.5137e-01 
-4.9561e-01 
-5.6885e-01 
-3.3447e-01 
7.5684e-02 
4.4922e-01 
5.7617e-01 
3.8818e-01 
-7.3242e-03 
-4.0527e-01 
-5.7861e-01 
-4.3945e-01 
-6.5918e-02 
3.4180e-01 
5.6885e-01 
4.8340e-01 
1.4160e-01 
-2.8564e-01 
-5.5664e-01 
-5.2002e-01 
-2.0752e-01 
2.1973e-01 
5.2734e-01 
5.4688e-01 
2.7100e-01 
-1.5381e-01 
-4.9561e-01 
-5.6885e-01 
-3.3203e-01 
7.5684e-02 
4.4922e-01 
5.7373e-01 
3.9062e-01 
-2.4414e-03 
-4.0283e-01 
-5.7861e-01 
-4.3701e-01 
-6.5918e-02 
3.4424e-01 
5.6885e-01 
4.8340e-01 
1.3916e-01 
-2.8320e-01 
-5.5420e-01 
-5.2002e-01 
-2.0752e-01 
2.1973e-01 
5.2490e-01 
5.4688e-01 
