1.4404e-01 
-2.0020e-01 
-4.8828e-01 
-6.3477e-01 
-5.8838e-01 
-3.6621e-01 
-3.6621e-02 
2.9785e-01 
5.4688e-01 
6.3477e-01 
5.2734e-01 
2.6611e-01 
-7.5684e-02 
-3.9551e-01 
-6.0059e-01 
-6.2256e-01 
-4.6631e-01 
-1.6357e-01 
1.8555e-01 
4.7607e-01 
6.2500e-01 
5.8838e-01 
3.7354e-01 
5.1270e-02 
-2.9053e-01 
-5.4443e-01 
-6.3965e-01 
-5.4443e-01 
-2.8320e-01 
5.6152e-02 
3.8086e-01 
5.9082e-01 
6.2500e-01 
4.7119e-01 
1.7822e-01 
-1.7090e-01 
-4.6387e-01 
-6.2744e-01 
-6.0059e-01 
-3.9307e-01 
-7.0801e-02 
2.7344e-01 
5.3223e-01 
6.3232e-01 
5.4688e-01 
2.9541e-01 
-4.6387e-02 
-3.7354e-01 
-5.8594e-01 
-6.3232e-01 
-4.8584e-01 
-1.9287e-01 
1.5625e-01 
4.5166e-01 
6.1768e-01 
6.0059e-01 
4.0039e-01 
8.0566e-02 
-2.6123e-01 
-5.2734e-01 
-6.3721e-01 
-5.5908e-01 
-3.1250e-01 
2.4414e-02 
3.5400e-01 
5.7617e-01 
6.2744e-01 
4.9316e-01 
2.0752e-01 
-1.3916e-01 
-4.4434e-01 
-6.2256e-01 
-6.1035e-01 
-4.1504e-01 
-1.0010e-01 
2.4170e-01 
5.1514e-01 
6.3232e-01 
5.6396e-01 
3.2471e-01 
-1.2207e-02 
-3.4180e-01 
-5.7373e-01 
-6.3477e-01 
-5.0537e-01 
-2.2705e-01 
1.2207e-01 
4.2969e-01 
6.1035e-01 
6.0791e-01 
4.2480e-01 
1.1230e-01 
-2.3193e-01 
-5.1025e-01 
-6.3477e-01 
-5.7617e-01 
-3.3936e-01 
-4.8828e-03 
3.2715e-01 
5.6396e-01 
6.2988e-01 
5.1025e-01 
2.3926e-01 
-1.0742e-01 
-4.2480e-01 
-6.1035e-01 
-6.2012e-01 
-4.4189e-01 
-1.3428e-01 
2.1484e-01 
4.9316e-01 
6.2744e-01 
5.7373e-01 
3.5156e-01 
1.9531e-02 
-3.1982e-01 
-5.6152e-01 
-6.3721e-01 
-5.2734e-01 
-2.5391e-01 
8.7891e-02 
4.0527e-01 
6.0059e-01 
6.1523e-01 
4.4922e-01 
1.4648e-01 
-2.0264e-01 
-4.8584e-01 
-6.3477e-01 
-5.8594e-01 
-3.6377e-01 
-3.9062e-02 
2.9785e-01 
5.4688e-01 
6.3232e-01 
5.2979e-01 
2.6855e-01 
-7.5684e-02 
-3.9551e-01 
-6.0303e-01 
-6.2500e-01 
-4.6631e-01 
-1.6602e-01 
1.8066e-01 
4.7363e-01 
6.2500e-01 
5.8594e-01 
3.7354e-01 
5.1270e-02 
-2.8809e-01 
-5.4443e-01 
-6.3965e-01 
-5.4443e-01 
-2.8564e-01 
5.6152e-02 
3.7842e-01 
5.8838e-01 
6.2256e-01 
4.7119e-01 
1.7822e-01 
-1.7090e-01 
-4.6631e-01 
-6.2988e-01 
-6.0303e-01 
-3.9307e-01 
-6.8359e-02 
2.7100e-01 
5.3223e-01 
6.3232e-01 
5.4688e-01 
2.9541e-01 
-4.3945e-02 
-3.6865e-01 
-5.8594e-01 
-6.2988e-01 
-4.8340e-01 
-1.9775e-01 
1.5381e-01 
4.4922e-01 
6.1768e-01 
6.0059e-01 
4.0527e-01 
8.5449e-02 
-2.6123e-01 
-5.2734e-01 
-6.3965e-01 
-5.6152e-01 
-3.1250e-01 
2.4414e-02 
3.5400e-01 
5.7617e-01 
6.2744e-01 
4.9316e-01 
2.0752e-01 
-1.3672e-01 
-4.4189e-01 
-6.1768e-01 
-6.1279e-01 
-4.1504e-01 
-9.7656e-02 
2.4170e-01 
5.1270e-01 
6.2988e-01 
5.6396e-01 
3.2471e-01 
-1.2207e-02 
-3.4424e-01 
-5.7617e-01 
-6.3477e-01 
-5.0537e-01 
-2.2461e-01 
1.2207e-01 
4.2969e-01 
6.0791e-01 
6.0791e-01 
4.2480e-01 
1.1719e-01 
-2.2949e-01 
-5.0781e-01 
-6.3721e-01 
-5.7373e-01 
-3.3936e-01 
-9.7656e-03 
3.2715e-01 
5.6152e-01 
6.3232e-01 
5.1270e-01 
2.3926e-01 
-1.0742e-01 
-4.2236e-01 
-6.1035e-01 
-6.2012e-01 
-4.4189e-01 
-1.3428e-01 
2.1240e-01 
4.9316e-01 
6.2744e-01 
5.7617e-01 
3.4912e-01 
2.1973e-02 
-3.1494e-01 
-5.5908e-01 
-6.3721e-01 
-5.2979e-01 
-2.5391e-01 
8.7891e-02 
4.0283e-01 
5.9814e-01 
6.1768e-01 
4.4922e-01 
1.4893e-01 
-2.0264e-01 
-4.8828e-01 
-6.3232e-01 
-5.9082e-01 
-3.6865e-01 
-3.9062e-02 
2.9785e-01 
5.4688e-01 
6.3232e-01 
5.2734e-01 
2.6855e-01 
-7.5684e-02 
-3.9307e-01 
-6.0059e-01 
-6.2500e-01 
-4.6387e-01 
-1.6602e-01 
1.8311e-01 
4.7119e-01 
6.2256e-01 
5.8838e-01 
3.7598e-01 
5.1270e-02 
-2.9053e-01 
-5.4443e-01 
-6.3965e-01 
-5.4688e-01 
-2.8320e-01 
5.3711e-02 
3.8086e-01 
5.8838e-01 
6.2256e-01 
4.6875e-01 
1.7822e-01 
-1.7090e-01 
-4.6387e-01 
-6.2500e-01 
-6.0059e-01 
-3.9307e-01 
-7.0801e-02 
2.7100e-01 
5.2979e-01 
6.3232e-01 
5.4688e-01 
2.9785e-01 
-4.3945e-02 
-3.7109e-01 
-5.8838e-01 
-6.3477e-01 
-4.8584e-01 
-1.9531e-01 
1.5137e-01 
4.5166e-01 
6.1523e-01 
5.9814e-01 
4.0283e-01 
8.3008e-02 
-2.6367e-01 
-5.2979e-01 
-6.3721e-01 
-5.5908e-01 
-3.1250e-01 
2.4414e-02 
3.5400e-01 
5.7617e-01 
6.2744e-01 
4.9316e-01 
2.0996e-01 
-1.3916e-01 
-4.4189e-01 
-6.2012e-01 
-6.1279e-01 
-4.1748e-01 
-1.0010e-01 
2.3926e-01 
5.1270e-01 
6.2988e-01 
5.6152e-01 
3.2471e-01 
-1.4648e-02 
-3.4424e-01 
-5.7129e-01 
-6.3477e-01 
-5.0537e-01 
-2.2705e-01 
1.2207e-01 
4.2969e-01 
6.0547e-01 
6.1035e-01 
4.2480e-01 
1.1475e-01 
-2.2949e-01 
-5.1025e-01 
-6.3721e-01 
-5.7617e-01 
-3.4180e-01 
-7.3242e-03 
3.2471e-01 
5.6152e-01 
6.2988e-01 
5.1270e-01 
2.3682e-01 
-1.0498e-01 
-4.2236e-01 
-6.1035e-01 
-6.1768e-01 
-4.3945e-01 
-1.3428e-01 
2.1240e-01 
4.9072e-01 
6.2744e-01 
5.7617e-01 
3.4912e-01 
1.9531e-02 
-3.1738e-01 
-5.6152e-01 
-6.3965e-01 
-5.2734e-01 
-2.5635e-01 
9.0332e-02 
4.0283e-01 
6.0059e-01 
6.1768e-01 
4.5166e-01 
1.4893e-01 
-2.0020e-01 
-4.8828e-01 
-6.3232e-01 
-5.8838e-01 
-3.6865e-01 
-3.9062e-02 
3.0029e-01 
5.4688e-01 
6.3477e-01 
5.2734e-01 
2.6855e-01 
-7.8125e-02 
-3.9551e-01 
-6.0303e-01 
-6.2988e-01 
-4.6631e-01 
-1.6357e-01 
1.8311e-01 
4.7119e-01 
6.2256e-01 
5.8838e-01 
3.7598e-01 
5.3711e-02 
-2.8809e-01 
-5.4443e-01 
-6.3965e-01 
-5.4199e-01 
-2.8320e-01 
5.6152e-02 
3.7842e-01 
5.8594e-01 
6.2500e-01 
4.7363e-01 
1.7822e-01 
-1.7090e-01 
-4.6631e-01 
-6.2744e-01 
-6.0059e-01 
-3.9307e-01 
-7.0801e-02 
2.7100e-01 
5.2979e-01 
6.3232e-01 
5.4688e-01 
2.9541e-01 
-4.1504e-02 
-3.6865e-01 
-5.8838e-01 
-6.3232e-01 
-4.8584e-01 
-1.9531e-01 
1.5137e-01 
4.4922e-01 
6.1523e-01 
6.0059e-01 
4.0283e-01 
8.5449e-02 
-2.6123e-01 
-5.2734e-01 
-6.3965e-01 
-5.6152e-01 
-3.1494e-01 
2.4414e-02 
3.5400e-01 
5.7617e-01 
6.2988e-01 
4.9561e-01 
2.0752e-01 
-1.3672e-01 
-4.4189e-01 
-6.2012e-01 
-6.1035e-01 
-4.1748e-01 
-1.0254e-01 
2.4414e-01 
5.1514e-01 
6.2988e-01 
5.6152e-01 
3.2227e-01 
-9.7656e-03 
-3.4180e-01 
-5.7373e-01 
-6.3721e-01 
-5.0537e-01 
-2.2705e-01 
1.1963e-01 
4.2725e-01 
6.1035e-01 
6.0791e-01 
4.2480e-01 
1.1719e-01 
-2.2949e-01 
-5.0781e-01 
-6.3965e-01 
-5.7617e-01 
-3.3936e-01 
-7.3242e-03 
3.2715e-01 
5.6396e-01 
6.3232e-01 
5.1270e-01 
2.3926e-01 
-1.0498e-01 
-4.2236e-01 
-6.1279e-01 
-6.1768e-01 
-4.4189e-01 
-1.3428e-01 
2.1240e-01 
4.9316e-01 
6.2744e-01 
5.7617e-01 
3.5156e-01 
2.1973e-02 
-3.1738e-01 
-5.5908e-01 
-6.3965e-01 
-5.2734e-01 
-2.5635e-01 
9.0332e-02 
4.0283e-01 
5.9570e-01 
6.1768e-01 
4.4922e-01 
1.4648e-01 
-1.9775e-01 
-4.8828e-01 
-6.3232e-01 
-5.9082e-01 
-3.6865e-01 
-4.1504e-02 
2.9541e-01 
5.4932e-01 
6.3477e-01 
5.3223e-01 
2.6855e-01 
-7.5684e-02 
-3.9551e-01 
-6.0059e-01 
-6.2500e-01 
-4.6387e-01 
-1.6357e-01 
1.8066e-01 
4.7363e-01 
6.2256e-01 
5.8838e-01 
3.7842e-01 
5.3711e-02 
-2.8809e-01 
-5.4443e-01 
-6.3965e-01 
-5.4688e-01 
-2.8564e-01 
5.6152e-02 
3.7842e-01 
5.8838e-01 
6.2256e-01 
4.7119e-01 
1.7822e-01 
-1.7090e-01 
-4.6631e-01 
-6.2500e-01 
-6.0059e-01 
-3.9307e-01 
-7.0801e-02 
2.7100e-01 
5.3223e-01 
6.3232e-01 
5.4932e-01 
2.9785e-01 
-4.1504e-02 
-3.7109e-01 
-5.8838e-01 
-6.3232e-01 
-4.8584e-01 
-1.9531e-01 
1.5381e-01 
4.5166e-01 
6.1523e-01 
6.0059e-01 
4.0283e-01 
8.5449e-02 
-2.6123e-01 
-5.2490e-01 
-6.3721e-01 
-5.5908e-01 
-3.1250e-01 
2.1973e-02 
3.5400e-01 
5.7617e-01 
6.2744e-01 
4.9072e-01 
2.0996e-01 
-1.3672e-01 
-4.4189e-01 
-6.2012e-01 
-6.1279e-01 
-4.1748e-01 
-1.0254e-01 
2.3926e-01 
5.1270e-01 
6.3232e-01 
5.6396e-01 
3.2715e-01 
-1.2207e-02 
-3.4424e-01 
-5.7373e-01 
-6.3721e-01 
-5.0781e-01 
-2.2705e-01 
1.2207e-01 
4.2725e-01 
6.0547e-01 
6.0791e-01 
4.2725e-01 
1.1475e-01 
-2.2949e-01 
-5.0781e-01 
-6.3965e-01 
-5.7617e-01 
-3.4180e-01 
-9.7656e-03 
3.2715e-01 
5.6152e-01 
6.3232e-01 
5.1270e-01 
2.4170e-01 
-1.0498e-01 
-4.1992e-01 
-6.1035e-01 
-6.1768e-01 
-4.4189e-01 
-1.3428e-01 
2.1240e-01 
4.9561e-01 
6.2744e-01 
5.7373e-01 
3.5156e-01 
2.1973e-02 
-3.1494e-01 
-5.6152e-01 
-6.3965e-01 
-5.2979e-01 
-2.5391e-01 
9.0332e-02 
4.0283e-01 
6.0059e-01 
6.1768e-01 
4.4922e-01 
1.4648e-01 
-1.9775e-01 
-4.8340e-01 
-6.3232e-01 
-5.8838e-01 
-3.6621e-01 
-3.9062e-02 
2.9785e-01 
5.4932e-01 
6.3477e-01 
5.3223e-01 
2.6855e-01 
-7.5684e-02 
-3.9551e-01 
-6.0303e-01 
-6.2744e-01 
-4.6631e-01 
-1.6602e-01 
1.8066e-01 
4.7119e-01 
6.2500e-01 
5.8838e-01 
3.7842e-01 
5.3711e-02 
-2.8809e-01 
-5.4443e-01 
-6.3965e-01 
-5.4688e-01 
-2.8564e-01 
5.6152e-02 
3.7842e-01 
5.8838e-01 
6.2256e-01 
4.7119e-01 
1.7578e-01 
-1.7090e-01 
-4.6631e-01 
-6.2744e-01 
-6.0303e-01 
-3.9307e-01 
-7.0801e-02 
2.7100e-01 
5.3223e-01 
6.3232e-01 
5.4688e-01 
2.9541e-01 
-4.1504e-02 
-3.7109e-01 
-5.8838e-01 
-6.3232e-01 
-4.8340e-01 
-1.9531e-01 
1.5137e-01 
4.5166e-01 
6.1768e-01 
6.0303e-01 
4.0527e-01 
8.5449e-02 
-2.5879e-01 
-5.2734e-01 
-6.3721e-01 
-5.6396e-01 
-3.1006e-01 
2.4414e-02 
3.5400e-01 
5.7617e-01 
6.2744e-01 
4.9561e-01 
2.0996e-01 
-1.3672e-01 
-4.4189e-01 
-6.1768e-01 
-6.1035e-01 
-4.1748e-01 
-1.0254e-01 
2.4170e-01 
5.1270e-01 
6.2988e-01 
5.6152e-01 
3.2227e-01 
-9.7656e-03 
-3.4180e-01 
-5.7617e-01 
-6.3721e-01 
-5.0537e-01 
-2.2705e-01 
1.1963e-01 
4.2725e-01 
6.0791e-01 
6.0791e-01 
4.2969e-01 
1.1719e-01 
-2.2705e-01 
-5.0781e-01 
-6.3721e-01 
-5.7617e-01 
-3.4180e-01 
-7.3242e-03 
3.2471e-01 
5.6152e-01 
6.2988e-01 
5.1270e-01 
2.3682e-01 
-1.0498e-01 
-4.1992e-01 
-6.1279e-01 
-6.2012e-01 
-4.4189e-01 
-1.3428e-01 
2.0996e-01 
4.9316e-01 
6.2744e-01 
5.7617e-01 
3.5400e-01 
2.4414e-02 
-3.1494e-01 
-5.5908e-01 
-6.3721e-01 
-5.2979e-01 
-2.5635e-01 
8.5449e-02 
4.0283e-01 
6.0059e-01 
6.1768e-01 
4.4922e-01 
1.4648e-01 
-2.0020e-01 
-4.8828e-01 
-6.3232e-01 
-5.8838e-01 
-3.6865e-01 
-3.9062e-02 
2.9785e-01 
5.4688e-01 
6.3232e-01 
5.2979e-01 
2.6855e-01 
-7.5684e-02 
-3.9551e-01 
-5.9814e-01 
-6.2744e-01 
-4.6143e-01 
-1.6602e-01 
1.8066e-01 
4.7119e-01 
6.2256e-01 
5.9082e-01 
3.7842e-01 
5.3711e-02 
-2.8809e-01 
-5.4443e-01 
-6.3965e-01 
-5.4443e-01 
-2.8564e-01 
5.6152e-02 
3.7842e-01 
5.8838e-01 
6.2500e-01 
4.7119e-01 
1.8066e-01 
-1.6846e-01 
-4.6387e-01 
-6.2500e-01 
-6.0059e-01 
-3.9307e-01 
-7.0801e-02 
2.7100e-01 
5.2979e-01 
6.3232e-01 
5.4688e-01 
3.0029e-01 
-4.1504e-02 
-3.6865e-01 
-5.8838e-01 
-6.3232e-01 
-4.8584e-01 
-1.9531e-01 
1.5381e-01 
4.5166e-01 
6.1523e-01 
6.0059e-01 
4.0283e-01 
8.5449e-02 
-2.5879e-01 
-5.2734e-01 
-6.3721e-01 
-5.5908e-01 
-3.1250e-01 
2.4414e-02 
3.5156e-01 
5.7861e-01 
6.2988e-01 
4.9316e-01 
2.1240e-01 
-1.3672e-01 
-4.4189e-01 
-6.2012e-01 
-6.1035e-01 
-4.1748e-01 
-1.0254e-01 
2.4170e-01 
5.1270e-01 
6.3232e-01 
5.6152e-01 
3.2471e-01 
-9.7656e-03 
-3.3936e-01 
-5.7617e-01 
-6.3721e-01 
-5.0293e-01 
-2.2705e-01 
1.2207e-01 
4.2725e-01 
6.1035e-01 
6.0791e-01 
4.2725e-01 
1.1719e-01 
-2.2949e-01 
-5.1025e-01 
-6.3721e-01 
-5.7373e-01 
-3.4180e-01 
-7.3242e-03 
3.2715e-01 
5.6396e-01 
6.3232e-01 
5.1270e-01 
2.3926e-01 
-1.0498e-01 
-4.2236e-01 
-6.1035e-01 
-6.1768e-01 
-4.4189e-01 
-1.3184e-01 
2.1240e-01 
4.9072e-01 
6.2744e-01 
5.7861e-01 
3.5156e-01 
1.9531e-02 
-3.1494e-01 
-5.6152e-01 
-6.3965e-01 
-5.2734e-01 
-2.5879e-01 
8.7891e-02 
4.0039e-01 
5.9814e-01 
6.1768e-01 
4.4922e-01 
1.4893e-01 
-1.9775e-01 
-4.8340e-01 
-6.3232e-01 
-5.8594e-01 
-3.6621e-01 
-3.9062e-02 
2.9785e-01 
5.4688e-01 
6.3232e-01 
5.2979e-01 
2.7100e-01 
-7.3242e-02 
-3.9307e-01 
-6.0059e-01 
-6.2744e-01 
-4.6631e-01 
-1.6602e-01 
1.8066e-01 
4.7363e-01 
6.2500e-01 
5.9082e-01 
3.7842e-01 
5.3711e-02 
-2.8564e-01 
-5.4199e-01 
-6.3965e-01 
-5.4443e-01 
-2.8564e-01 
5.6152e-02 
3.7842e-01 
5.8838e-01 
6.2500e-01 
4.7119e-01 
1.7822e-01 
-1.6846e-01 
-4.6387e-01 
-6.2744e-01 
-6.0059e-01 
-3.9307e-01 
-7.0801e-02 
2.7100e-01 
5.2979e-01 
6.3232e-01 
5.4688e-01 
2.9785e-01 
-4.1504e-02 
-3.6865e-01 
-5.8594e-01 
-6.3232e-01 
-4.8584e-01 
-1.9531e-01 
1.5137e-01 
4.5166e-01 
6.1768e-01 
5.9814e-01 
4.0527e-01 
8.5449e-02 
-2.5879e-01 
-5.2490e-01 
-6.3965e-01 
-5.5908e-01 
-3.1250e-01 
2.4414e-02 
3.5156e-01 
5.7617e-01 
6.2744e-01 
4.9561e-01 
2.0752e-01 
-1.3428e-01 
-4.3945e-01 
-6.1768e-01 
-6.1035e-01 
-4.1504e-01 
-1.0010e-01 
2.3926e-01 
5.1025e-01 
6.3232e-01 
5.6396e-01 
3.2471e-01 
-9.7656e-03 
-3.4424e-01 
-5.7373e-01 
-6.3477e-01 
-5.0781e-01 
-2.2705e-01 
1.1963e-01 
4.2969e-01 
6.0791e-01 
6.1035e-01 
4.2725e-01 
1.1719e-01 
-2.2705e-01 
-5.0537e-01 
-6.3721e-01 
-5.7373e-01 
-3.4180e-01 
-9.7656e-03 
3.2715e-01 
5.6152e-01 
6.3232e-01 
5.1514e-01 
2.4170e-01 
-1.0498e-01 
-4.1992e-01 
-6.1035e-01 
-6.2012e-01 
-4.4434e-01 
-1.3672e-01 
2.0996e-01 
4.9072e-01 
6.2744e-01 
5.7373e-01 
3.4912e-01 
2.4414e-02 
-3.1494e-01 
-5.5908e-01 
-6.3721e-01 
-5.2490e-01 
-2.5635e-01 
8.7891e-02 
4.0527e-01 
5.9814e-01 
6.1768e-01 
4.5166e-01 
1.4648e-01 
-2.0020e-01 
-4.8828e-01 
-6.3477e-01 
-5.9082e-01 
-3.7109e-01 
-3.9062e-02 
2.9785e-01 
5.4443e-01 
6.3232e-01 
5.2979e-01 
2.6855e-01 
-7.3242e-02 
-3.9307e-01 
-6.0059e-01 
-6.2744e-01 
-4.6631e-01 
-1.6602e-01 
1.8066e-01 
4.7119e-01 
6.2256e-01 
5.8838e-01 
3.7354e-01 
5.3711e-02 
